-0.010328	-433.868769
-0.009550	-431.025757
-0.008766	-430.269588
-0.007985	-377.544190
-0.007202	-313.706204
-0.006414	-299.120946
-0.005634	-265.780061
-0.004858	-212.104602
-0.004082	-183.054313
-0.003127	-166.074939
-0.002342	-93.570944
-0.001562	-44.931790
-0.000787	-0.021064
0.000000	0.000000
0.000790	0.293642
0.001752	-0.092287
0.002539	0.646288
0.003497	1.563404
0.004285	1.637705
0.005089	1.575667
0.005865	1.624124
0.006655	2.317774
0.007438	2.124280
0.008219	2.961937
0.008994	2.844780
0.009953	2.334759
0.009953	2.810854
0.009954	3.052290
0.021482	4.059784
0.032878	5.518333
0.045275	6.008139
0.058078	7.905716
0.069275	8.438382
0.080478	9.367923
0.091675	10.701321
0.104277	12.251175
0.116478	13.276745
0.127677	13.753050
0.138677	14.555100
0.149878	15.553666
0.160881	15.839770
0.172077	17.147995
0.183279	17.536023
0.194880	18.716028
0.206079	19.350420
0.217289	20.295630
0.228482	21.359679
0.239682	22.046515
0.250885	22.837219
0.261691	22.974036
0.272684	23.737841
0.283883	24.173423
0.295085	24.988802
0.306483	25.707252
0.317684	26.285429
0.328482	26.804647
0.339083	26.884233
0.349885	27.682467
0.360488	28.311890
0.372288	28.435263
0.383490	28.755309
0.394888	29.515504
0.406088	29.824831
0.419087	30.250814
0.430287	30.757553
0.442290	31.335101
0.453489	31.915076
0.464891	31.868651
0.475889	32.546575
0.487090	33.051566
0.498490	33.391183
0.509690	34.043434
0.521294	34.702453
0.532291	35.039652
0.543297	35.034210
0.554160	35.342170
0.565093	36.200165
0.575712	36.619095
0.586994	36.852623
0.597892	37.627132
0.608893	38.186683
0.620095	38.336603
0.631293	38.891625
0.642501	38.964624
0.653702	39.705319
0.664896	39.756594
0.676100	40.087504
0.687295	41.192442
0.698499	41.290793
0.710095	41.686330
0.721306	41.971500
0.732498	42.714703
0.743705	42.893239
0.755103	43.576674
0.766302	43.717971
0.777507	44.594328
0.788900	44.663324
0.800199	44.923575
0.811300	45.222659
0.822301	45.765562
0.834100	46.108565
0.845304	46.562770
0.856101	47.380850
0.866698	47.377734
0.877502	47.716508
0.888303	47.933616
0.899505	48.768537
0.910304	48.809415
0.920903	49.294319
0.931744	49.703755
0.942704	50.314547
0.954105	50.100898
0.965505	50.922425
0.976732	51.256482
0.988117	51.289372
0.999309	51.592073
1.000000	51.897840
0.999999	52.829731
0.981806	52.583507
0.964478	52.824913
0.948146	52.438328
0.930813	52.403181
0.913446	52.342271
0.896808	51.907129
0.879475	51.876752
0.862809	50.993943
0.844129	50.784805
0.826804	50.719585
0.809471	50.207978
0.792139	50.257923
0.775135	49.947316
0.757802	49.310073
0.740458	48.701779
0.723138	48.793267
0.705791	48.684661
0.688465	48.214580
0.670800	48.414029
0.653468	48.015995
0.635459	47.603205
0.618121	47.072071
0.600800	46.682432
0.583461	46.644394
0.566130	46.232880
0.548796	46.124801
0.531461	45.368142
0.514130	45.199120
0.497456	44.891913
0.480130	44.470808
0.461122	43.777583
0.443790	43.478038
0.426467	42.983675
0.409123	42.663730
0.391793	42.205594
0.374126	42.034747
0.356792	41.821823
0.340123	41.179041
0.320457	40.738856
0.303121	40.663653
0.285791	40.093757
0.267122	39.499271
0.249787	39.257749
0.232447	38.707380
0.215788	38.031467
0.198450	37.807995
0.181120	37.279708
0.163787	36.844620
0.146118	36.643574
0.128311	36.053029
0.111120	35.331154
0.099005	34.481259
0.099004	35.347833
0.081150	34.917401
0.063141	34.290131
0.045807	33.668491
0.028481	32.257120
0.011130	30.767629
0.000000	25.611032


-0.009807	-298.736262
-0.009017	-285.626990
-0.008230	-216.867493
-0.007436	-193.261812
-0.006653	-172.533753
-0.005868	-142.134237
-0.004907	-128.439157
-0.004124	-77.042872
-0.003343	-45.808489
-0.002553	-34.422695
-0.001744	-13.155718
-0.000961	-3.136704
0.000000	0.000000
0.000782	0.571737
0.001567	0.445470
0.002349	1.256033
0.003128	1.140630
0.003912	1.544204
0.004698	2.031977
0.005484	2.121729
0.006448	2.365781
0.007235	2.671021
0.007235	2.570055
0.007236	3.254920
0.018020	3.537038
0.029221	4.591703
0.040420	6.605792
0.052421	7.713054
0.064626	8.483344
0.076022	9.688653
0.087419	11.135959
0.098621	11.896467
0.110624	12.910943
0.121821	13.654517
0.133226	14.541069
0.144822	15.418448
0.156028	16.759555
0.167829	17.427478
0.178829	18.009513
0.189629	18.541562
0.200232	19.261055
0.211426	20.082973
0.222434	20.480075
0.233627	21.466417
0.244835	22.265592
0.256025	23.031067
0.267236	23.936560
0.278431	24.604634
0.289628	25.553491
0.300830	25.821824
0.312027	26.019008
0.323029	26.752070
0.334232	27.696720
0.345630	27.867485
0.357030	28.233254
0.368430	28.712020
0.379632	29.730370
0.391034	30.114837
0.402332	30.138517
0.414633	30.715294
0.426032	31.286710
0.437457	31.362847
0.448637	32.134671
0.459837	32.759010
0.471233	33.047142
0.483034	33.369930
0.494434	34.126557
0.505635	34.660050
0.517641	34.784637
0.528836	35.589801
0.540036	36.189937
0.551840	36.509674
0.562437	36.974333
0.573639	37.818438
0.584848	38.040613
0.596045	38.342832
0.607248	38.756027
0.618440	38.995255
0.629039	39.510187
0.639640	39.345306
0.650637	39.908668
0.661842	40.267247
0.672842	41.219573
0.684046	41.254009
0.695443	41.692687
0.706643	42.266814
0.718239	42.670890
0.729645	42.782175
0.741644	43.262395
0.752841	43.939011
0.763844	44.184483
0.774448	44.857699
0.785847	45.267398
0.797445	45.560155
0.808845	46.055960
0.820845	46.303647
0.832049	46.762564
0.843448	47.221991
0.854647	47.495992
0.867247	47.766245
0.878451	48.169257
0.890649	48.636923
0.901847	48.953518
0.913049	49.368329
0.924250	49.806440
0.935653	50.348933
0.946854	50.638396
0.958252	51.137425
0.969462	51.413481
0.980850	51.991718
0.992054	52.034270
1.000000	52.202303
1.000000	53.298747
0.981802	53.209608
0.964473	53.224806
0.947141	52.751791
0.929805	52.444232
0.912473	52.038433
0.894804	51.716131
0.877463	52.097079
0.859805	51.673685
0.842464	51.395587
0.825136	51.232119
0.806795	51.140738
0.789471	50.494600
0.772132	50.328765
0.755402	49.947593
0.737796	49.489437
0.720489	49.244207
0.702800	48.842503
0.685132	49.065734
0.667797	48.666036
0.650463	48.371495
0.633134	47.690358
0.615795	47.456927
0.599123	46.928801
0.581793	46.651272
0.564463	46.252356
0.545742	45.927447
0.528462	45.352730
0.510787	45.354294
0.493459	45.023683
0.476126	44.522074
0.458791	44.098064
0.441457	44.050448
0.424124	43.404286
0.406790	43.269507
0.389460	42.733493
0.371784	42.336899
0.354121	41.835678
0.336453	41.519491
0.318787	41.169134
0.301118	40.948718
0.283786	40.131446
0.266117	39.701796
0.248784	39.526253
0.232118	39.213067
0.213450	38.792157
0.195447	38.225183
0.178115	37.724039
0.160441	37.451506
0.143108	36.535035
0.125781	36.156391
0.108769	35.637880
0.099276	35.047484
0.099276	36.138724
0.081210	35.753416
0.064545	34.829022
0.046871	34.106608
0.029537	31.805100
0.012209	30.911785
0.000000	30.450926


-0.012282	-477.852537
-0.011497	-413.622979
-0.010705	-350.558406
-0.009930	-311.252256
-0.009146	-315.082870
-0.008363	-268.226821
-0.007577	-183.752112
-0.006618	-122.973029
-0.005838	-89.071881
-0.005058	-89.142763
-0.004097	-85.980270
-0.003132	-19.939948
-0.002354	-0.462706
-0.001561	-0.994015
-0.000780	-1.932908
0.000000	0.000000
0.000778	0.477008
0.001559	0.821354
0.002344	1.214227
0.003119	1.189320
0.003901	-1.933660
0.004684	2.639864
0.005467	2.709800
0.006253	2.539173
0.007047	3.180940
0.008007	3.158721
0.008007	3.375517
0.008007	3.454946
0.018715	3.861974
0.028912	4.930338
0.040111	6.762664
0.051522	7.290804
0.062318	8.959988
0.073514	10.185097
0.084713	11.233733
0.096112	11.715567
0.108116	12.834583
0.119313	13.626697
0.130580	14.340992
0.141916	15.309542
0.152714	16.227800
0.164119	16.948410
0.175516	17.419793
0.186716	18.176768
0.198120	19.427066
0.209315	19.777190
0.220519	20.273338
0.231717	20.980909
0.242917	21.935420
0.253518	23.004508
0.264727	23.469963
0.275923	23.647673
0.287123	24.825729
0.298319	24.945970
0.309522	25.460462
0.320324	26.328534
0.331122	26.526257
0.341922	26.710126
0.352531	27.457408
0.363723	27.932585
0.374523	28.637766
0.385726	28.698334
0.396925	29.217830
0.408126	29.748855
0.420523	30.116156
0.431942	30.443306
0.443324	31.067039
0.454529	31.792642
0.465524	31.737350
0.476533	31.775157
0.487525	32.637013
0.498728	33.019867
0.510125	33.540965
0.522336	34.231489
0.533527	34.548741
0.544729	35.170267
0.555929	35.256129
0.567129	35.512315
0.578327	35.795492
0.589129	36.025480
0.599733	36.577016
0.610934	37.063505
0.622130	37.653437
0.632933	37.728208
0.643731	38.242615
0.654732	38.282080
0.666131	38.906988
0.678332	39.665593
0.689732	40.062670
0.701333	40.405174
0.712139	41.078557
0.723339	41.048565
0.734338	41.159743
0.745334	41.810533
0.756984	42.157248
0.768134	42.360771
0.778938	42.938151
0.790139	43.337016
0.801539	43.635701
0.812740	43.826625
0.824137	43.919094
0.835345	44.689032
0.846134	44.896373
0.856735	44.960832
0.868138	45.562538
0.879339	46.294842
0.890541	46.080341
0.901140	46.482647
0.911939	47.043954
0.923137	47.762951
0.934342	47.832771
0.945942	48.150646
0.956941	48.865122
0.968342	48.860156
0.979942	48.702701
0.991347	49.207094
1.000000	49.779663
1.000000	50.594620
0.981457	50.603508
0.962801	50.434999
0.945468	50.068043
0.927793	50.156388
0.910458	49.686584
0.893130	49.471179
0.875795	49.008664
0.858128	48.680098
0.840794	48.355648
0.823795	48.135926
0.806460	47.738553
0.789122	47.487835
0.771791	47.028974
0.754458	46.792596
0.737124	46.688862
0.719791	46.133274
0.702456	45.885667
0.685125	45.757326
0.667788	45.232292
0.650122	45.105088
0.632776	44.925130
0.615455	44.268693
0.598111	44.385485
0.580780	43.846887
0.563448	43.421033
0.546118	43.395481
0.528780	43.324105
0.511443	42.851576
0.494104	42.650507
0.476767	41.987746
0.459449	41.575367
0.441780	41.150833
0.422116	40.743058
0.404442	40.401302
0.387118	39.706122
0.369775	39.817895
0.352451	39.311496
0.335771	38.517768
0.318109	38.750014
0.300778	37.958873
0.283441	37.764747
0.265777	37.559571
0.248436	36.829143
0.231107	36.433726
0.213774	36.123360
0.196440	35.517132
0.179102	34.652984
0.161773	34.314660
0.144358	33.634384
0.126765	33.343737
0.109435	32.752516
0.099199	32.328873
0.099198	30.872386
0.081207	30.294107
0.063869	29.745640
0.046167	29.450879
0.028871	28.423574
0.011533	25.681705
0.000000	24.710282


-0.009762	-391.845014
-0.008803	-340.251529
-0.008021	-295.215327
-0.007235	-259.432199
-0.006455	-205.585569
-0.005670	-206.534689
-0.004706	-140.425796
-0.003915	-106.282909
-0.003132	-37.361918
-0.002339	-8.797598
-0.001556	-4.469502
-0.000774	-1.502782
0.000000	0.000000
0.000978	0.904528
0.001752	-1.345054
0.002535	1.432418
0.003312	1.206348
0.004095	1.946475
0.004878	2.190270
0.005654	2.909307
0.005654	2.755586
0.005655	3.730796
0.017269	3.892847
0.028472	5.442600
0.040072	7.295065
0.052273	8.339535
0.064470	9.503317
0.075874	10.944429
0.087278	11.996564
0.098734	12.562523
0.110871	13.739493
0.122273	14.540633
0.133670	15.303830
0.145072	15.865979
0.156275	16.712212
0.167074	17.749047
0.177676	18.608911
0.188875	18.929988
0.200276	20.336557
0.211282	20.776053
0.222278	21.352770
0.233476	21.692868
0.244679	22.976276
0.255880	24.004208
0.267081	24.567145
0.278284	25.150017
0.289282	25.892874
0.300088	26.431227
0.311483	27.068366
0.322883	27.514311
0.334078	28.026055
0.345479	28.728607
0.356879	28.766714
0.368085	29.563949
0.379684	30.094120
0.390886	30.352555
0.402084	30.774152
0.414685	31.788481
0.426083	32.012997
0.437281	32.187819
0.448483	32.540280
0.460083	32.992845
0.471282	33.525082
0.482681	34.196340
0.493887	34.839252
0.504885	35.122471
0.516490	35.567901
0.527885	36.014309
0.539086	36.246759
0.549893	36.870893
0.560489	37.049452
0.571690	37.628244
0.583088	38.029665
0.594296	38.632443
0.605088	39.261026
0.615888	39.574501
0.626728	40.198853
0.637298	40.479927
0.649497	40.804078
0.660302	41.333286
0.671554	41.695312
0.682702	42.279788
0.694093	42.621912
0.705493	43.114581
0.716695	43.287277
0.727692	43.746255
0.738891	44.279576
0.749690	44.412313
0.760295	44.586900
0.771494	45.170275
0.782697	45.486105
0.794093	45.761096
0.805300	46.107069
0.816700	46.657393
0.827898	46.852156
0.839297	47.263953
0.850498	48.006587
0.861731	48.146708
0.872697	48.602551
0.884100	48.833138
0.895301	49.177571
0.906499	49.576411
0.917699	49.767441
0.929305	50.297982
0.940100	50.761487
0.951100	50.985352
0.963701	51.783926
0.975100	52.011782
0.986301	52.606798
0.997305	52.807489
1.000000	53.087917
0.999999	54.120417
0.980531	53.821683
0.963199	53.888777
0.945874	53.652040
0.928540	53.456665
0.912524	53.000356
0.895206	52.864710
0.877872	53.065362
0.860538	52.505211
0.843535	52.034144
0.825835	51.859759
0.806867	51.526409
0.789525	50.955186
0.772202	50.510595
0.754868	50.388414
0.737193	50.338420
0.719512	49.835466
0.702195	49.481820
0.684861	49.404292
0.667525	49.344606
0.650192	48.582909
0.632852	48.390059
0.615523	48.223524
0.598847	48.214508
0.581463	47.803770
0.564192	47.020899
0.547527	46.849471
0.530193	46.507006
0.512848	45.924653
0.495527	45.852449
0.478191	45.232284
0.460858	44.586942
0.443527	44.738204
0.426860	44.248962
0.409530	43.666346
0.392856	43.431509
0.375522	42.930426
0.358183	42.437522
0.340854	42.342669
0.323520	41.989800
0.306187	41.508165
0.288519	41.081158
0.271183	40.654670
0.253851	40.330791
0.236518	39.714895
0.219175	39.471554
0.202175	39.009588
0.185181	38.370626
0.167849	37.912682
0.150181	37.367153
0.132847	37.010422
0.116180	36.256712
0.099435	35.773883
0.099434	31.610316
0.078948	31.212605
0.060659	29.753796
0.043328	29.140689
0.026002	26.921474
0.008661	25.792940
0.000000	21.830009


-0.015267	-533.990707
-0.014477	-545.346112
-0.013702	-517.545387
-0.012918	-463.414141
-0.012131	-437.584456
-0.011340	-415.225888
-0.010553	-367.331833
-0.009593	-269.048789
-0.008809	-201.314067
-0.008008	-171.676864
-0.007233	-133.766348
-0.006443	-83.833203
-0.005656	-42.116785
-0.004874	-44.134139
-0.004086	-19.407501
-0.003301	-1.929253
-0.002343	-1.903733
-0.001562	-4.418724
-0.000784	-2.627175
0.000000	0.000000
0.000785	0.670126
0.001568	0.855029
0.002352	1.527095
0.003134	2.089009
0.003908	2.491321
0.004697	2.263107
0.004697	1.935327
0.004698	2.409042
0.015971	3.454634
0.027179	4.781926
0.038375	6.265358
0.049778	7.544248
0.060772	8.756885
0.071572	9.557403
0.082979	10.500493
0.094181	11.158696
0.106171	12.146108
0.117575	12.894240
0.128973	13.798336
0.140175	14.514847
0.151379	15.478630
0.162578	16.285702
0.173776	17.010249
0.184981	18.371356
0.196180	18.921548
0.207379	19.783633
0.218779	20.565945
0.230181	21.468965
0.241580	21.855497
0.252983	22.656624
0.264383	23.838440
0.275996	24.145910
0.287183	24.853328
0.298443	25.425768
0.310181	26.026520
0.321380	26.531884
0.332381	26.790740
0.343585	27.287253
0.355783	27.836694
0.367182	28.184355
0.377983	28.800544
0.388583	29.398031
0.399383	29.656519
0.410784	29.949601
0.422183	30.499999
0.432985	31.321687
0.443984	32.020597
0.455187	32.206670
0.466586	32.789894
0.477788	33.083654
0.488988	33.538209
0.499787	33.850013
0.511787	34.084369
0.522987	34.772290
0.534198	34.991939
0.545987	35.676509
0.557189	36.137398
0.568589	36.685200
0.580055	36.989610
0.591389	37.402413
0.602790	37.892498
0.614391	38.295610
0.625795	38.901068
0.637193	39.242954
0.648595	39.735676
0.659793	40.007710
0.671196	40.304007
0.682456	40.994218
0.694393	41.826532
0.705595	41.706643
0.716194	41.914066
0.727398	42.581832
0.738595	43.444519
0.749792	43.490706
0.761198	43.973382
0.772396	44.501365
0.783399	44.795194
0.793999	45.124779
0.805198	45.504965
0.816201	45.745405
0.827401	45.997826
0.838204	46.764707
0.849006	47.113216
0.860202	47.581122
0.871610	47.920544
0.882999	48.201108
0.894409	48.318254
0.905800	49.151066
0.917206	49.635957
0.928801	49.713349
0.940012	50.375168
0.951483	50.464031
0.962201	50.845219
0.973204	51.248880
0.983804	51.950584
0.994406	52.149425
1.000000	52.206177
0.999999	53.281500
0.981844	53.043818
0.964493	52.810146
0.947113	52.358837
0.930503	52.233254
0.912842	52.155070
0.895179	51.818817
0.876176	51.329241
0.858835	51.443091
0.841510	51.301435
0.822504	50.922918
0.805167	50.558103
0.787835	50.183088
0.770505	49.745274
0.752833	49.794250
0.735504	49.492950
0.718171	49.203138
0.700828	48.659797
0.683498	48.285359
0.666169	47.896356
0.648832	47.557249
0.631167	47.187346
0.613833	46.677122
0.596499	46.412333
0.579166	46.624925
0.562162	45.545487
0.544828	45.659275
0.527496	45.447607
0.510156	45.115330
0.493160	44.266286
0.475495	43.985367
0.458493	43.730665
0.441137	43.111799
0.423828	43.239342
0.407493	42.514227
0.389820	42.354133
0.372150	42.131505
0.354488	41.772987
0.337156	40.888223
0.319813	40.880296
0.302820	40.713841
0.286139	39.919477
0.268489	39.498169
0.251822	39.083307
0.234490	38.715634
0.217146	38.464648
0.199813	37.863286
0.182155	37.354452
0.164816	36.597977
0.147047	36.417875
0.129811	35.971050
0.112151	35.207417
0.099530	34.665830
0.099530	30.831997
0.081789	30.448447
0.064448	29.715165
0.046447	28.882784
0.029101	26.955072
0.011444	25.512381
0.000000	25.492386


-0.009421	-331.280711
-0.008633	-356.214083
-0.007846	-346.261214
-0.007072	-287.663671
-0.006280	-205.933708
-0.005500	-177.627890
-0.004721	-141.548616
-0.003948	-140.037249
-0.003153	-90.335327
-0.002375	-43.914807
-0.001590	-14.509434
-0.000788	-0.672582
0.000000	0.000000
0.000783	0.205139
0.001581	1.327851
0.002364	1.326787
0.003324	1.996003
0.004283	0.908407
0.005067	2.374659
0.005840	2.537491
0.006622	2.892302
0.007582	2.521469
0.007582	2.842153
0.007583	3.541476
0.018237	3.572822
0.028436	4.878952
0.039042	6.216805
0.051037	7.474854
0.063036	8.015224
0.074437	9.945315
0.085638	10.973237
0.096840	11.631263
0.109045	12.660764
0.120239	13.727465
0.131239	14.827223
0.142843	15.095113
0.154239	16.312195
0.165446	17.125714
0.176450	17.918322
0.187644	18.300985
0.198842	19.153397
0.209840	20.299367
0.221444	20.541199
0.232052	21.262631
0.243308	22.680358
0.254452	23.162951
0.265844	23.763227
0.276852	24.848959
0.288108	25.175164
0.299243	25.750538
0.310445	25.647919
0.321451	26.548064
0.332653	27.271981
0.343647	27.170849
0.354650	27.598119
0.365847	28.283034
0.377050	28.815884
0.388450	29.315043
0.399647	29.196346
0.410852	29.880237
0.422249	30.694977
0.434047	31.024636
0.444651	31.250175
0.456253	32.183852
0.467452	32.802191
0.478657	32.765784
0.489652	33.216332
0.500850	33.921100
0.512117	34.596453
0.524259	35.111676
0.536251	35.454678
0.547452	35.548729
0.558252	35.987211
0.568854	36.374977
0.580258	37.333617
0.591458	37.331387
0.602656	37.819636
0.613456	38.432439
0.624471	38.445145
0.635656	38.900798
0.646858	39.354810
0.658055	40.070240
0.669265	40.489166
0.680256	40.815550
0.691464	41.049444
0.702656	41.909240
0.713863	42.367364
0.726057	42.836983
0.737262	42.844558
0.748659	43.771294
0.760065	43.778880
0.772463	44.503085
0.783661	44.991417
0.795065	45.201508
0.806063	46.062014
0.817666	45.719622
0.828863	46.320013
0.840266	46.672570
0.851464	46.691423
0.862663	47.178425
0.874061	47.503085
0.885863	48.095252
0.897065	48.565931
0.908464	49.051040
0.919865	49.682474
0.931065	50.023172
0.942665	49.876470
0.953466	50.224132
0.964667	50.772073
0.975869	51.258625
0.987270	51.651155
0.998066	52.195813
1.000000	52.084063
1.000000	53.116883
0.981922	52.995123
0.964604	52.329013
0.946935	52.579297
0.928931	51.713034
0.911602	51.522118
0.894269	51.164593
0.876935	51.259663
0.859603	50.931386
0.841931	50.871626
0.824158	50.570885
0.806930	50.321739
0.789927	50.085391
0.773258	49.378600
0.755588	48.963229
0.738252	48.677541
0.720927	48.641865
0.703596	47.899805
0.686257	47.870721
0.667261	47.647165
0.649580	47.378072
0.632218	46.788969
0.614914	46.187458
0.597261	46.433444
0.579590	46.095403
0.562255	45.311894
0.544924	45.618606
0.528253	44.833104
0.510928	44.544051
0.493477	43.840552
0.475922	43.745157
0.458588	43.416956
0.441256	43.314544
0.423915	43.140442
0.407250	42.452086
0.389918	42.101980
0.372578	41.389746
0.355256	41.217709
0.337916	40.731812
0.320250	40.552020
0.302583	40.146048
0.284915	39.527804
0.267577	39.135147
0.250247	38.917691
0.232909	38.423820
0.215575	37.982354
0.198240	37.398542
0.180911	37.072634
0.163238	36.551746
0.145567	35.866699
0.128235	35.114124
0.110902	34.864423
0.099242	34.451228
0.099241	29.833997
0.081087	29.618883
0.063764	29.003907
0.046428	27.383477
0.028759	26.056860
0.011427	24.876006
0.000000	24.333380


-0.013550	-555.372204
-0.012763	-510.488015
-0.011975	-446.996657
-0.011189	-406.622366
-0.010400	-367.775996
-0.009612	-363.741991
-0.008833	-323.678571
-0.007884	-258.478629
-0.007075	-217.673712
-0.006300	-198.361642
-0.005515	-150.433066
-0.004728	-68.128426
-0.003940	-49.088657
-0.003152	-49.683345
-0.002371	-5.622109
-0.001561	-4.165750
-0.000785	-3.773196
0.000000	0.000000
0.000782	0.763584
0.001565	0.606305
0.002349	0.447603
0.003122	0.517406
0.003906	-0.036200
0.004689	1.177812
0.005648	0.788679
0.006429	0.863287
0.006429	1.424507
0.006429	1.904090
0.017196	2.507028
0.028798	4.289657
0.041197	5.654591
0.052996	6.593895
0.063801	7.737321
0.074799	9.138184
0.086201	9.831670
0.097398	10.430105
0.109599	11.893124
0.120599	13.018002
0.131998	13.567713
0.143264	14.669131
0.154603	15.350696
0.165800	16.228274
0.176801	17.014872
0.188404	17.814118
0.199603	18.798720
0.210406	19.146864
0.221615	19.975116
0.232865	20.697882
0.244008	21.659107
0.255406	22.117253
0.266608	22.435383
0.277403	22.928010
0.288211	23.631176
0.299408	24.142451
0.310209	24.793748
0.321406	25.188598
0.332606	25.784146
0.344006	26.860911
0.355005	27.404136
0.366009	27.347827
0.377065	27.882606
0.388007	28.608030
0.399276	29.132206
0.411410	29.207194
0.422608	29.241378
0.433810	30.191098
0.445213	30.879026
0.457809	31.498445
0.469014	31.975872
0.480809	32.221715
0.492010	32.706818
0.503212	32.928388
0.515414	33.663562
0.528012	33.980945
0.539215	34.494404
0.550812	34.637052
0.561617	35.321892
0.572816	35.873320
0.584019	36.263250
0.595222	36.875778
0.606221	36.931974
0.617015	37.950514
0.627625	37.909056
0.638615	38.232381
0.649823	38.785759
0.661026	38.999413
0.671821	39.435357
0.683021	40.101645
0.694017	40.628110
0.705221	40.859538
0.716418	41.255831
0.727819	41.622242
0.739020	41.725317
0.749825	42.551121
0.761224	42.991219
0.772219	43.489644
0.783620	43.569857
0.795621	44.284606
0.807225	44.344460
0.818621	44.836991
0.830221	44.869202
0.842222	45.666731
0.853425	45.765853
0.865023	46.672668
0.876226	47.222706
0.887032	47.640669
0.897825	47.675789
0.908825	48.024782
0.919825	48.258662
0.931026	48.848905
0.942029	49.342647
0.953230	49.638358
0.964429	50.010965
0.975631	50.034688
0.986829	50.579744
0.998026	50.707762
1.000000	51.058259
1.000000	51.847994
0.982255	51.816577
0.965253	51.440734
0.947917	51.477662
0.930593	51.109507
0.913259	50.501288
0.895923	50.510849
0.878586	50.283529
0.860923	50.021569
0.843583	49.287013
0.826248	49.282735
0.809902	49.364019
0.792581	49.270875
0.775254	48.670470
0.757915	47.991824
0.740580	47.736283
0.723253	47.380685
0.705911	47.521591
0.688464	46.925159
0.671247	46.666365
0.653910	46.521350
0.636579	45.924914
0.618908	45.718421
0.601575	45.297526
0.581807	44.896153
0.564581	44.519486
0.547245	44.066350
0.529906	43.799677
0.512576	44.015419
0.495244	43.525566
0.477905	43.112821
0.460576	42.702174
0.444240	42.286944
0.426240	41.954080
0.408903	41.768628
0.391573	41.544227
0.374239	41.214936
0.356902	40.202016
0.339572	40.159707
0.322900	39.517784
0.305571	39.547195
0.289230	39.183582
0.271230	38.499414
0.251565	38.104163
0.233884	37.646086
0.216567	37.320777
0.199225	36.554676
0.181896	36.689697
0.165565	35.991879
0.148229	35.145103
0.131212	34.721045
0.113896	34.078578
0.099357	33.939611
0.099356	31.166987
0.079193	30.181181
0.061857	29.573096
0.043184	29.091935
0.025528	27.633600
0.008190	25.989471
0.000000	25.101077


-0.011735	-421.791798
-0.010959	-420.446008
-0.010178	-386.081043
-0.009398	-364.055752
-0.008622	-304.843308
-0.007847	-214.283940
-0.007062	-207.127912
-0.006280	-197.812837
-0.005500	-155.083864
-0.004721	-109.386291
-0.003941	-52.156385
-0.003152	-21.292850
-0.002355	-15.390496
-0.001565	-6.392397
-0.000782	0.180350
0.000000	0.000000
0.000782	-0.540559
0.001562	0.858396
0.002341	1.553909
0.003149	2.155362
0.003924	2.434707
0.004703	2.392899
0.005484	2.411436
0.006267	2.296724
0.007051	2.108842
0.007833	2.509134
0.007833	2.964512
0.007833	2.967183
0.018685	3.911339
0.029493	5.340018
0.041696	6.516459
0.052885	7.319078
0.063887	8.589813
0.075084	10.177734
0.086293	10.676526
0.097485	11.280793
0.109494	12.380949
0.120689	13.340017
0.131892	14.083386
0.143091	14.666966
0.154291	15.368755
0.165490	16.653012
0.176891	17.404998
0.188291	18.141852
0.199497	19.207125
0.210693	19.470682
0.221492	20.458600
0.232893	21.063565
0.243892	22.390576
0.254498	23.007604
0.265695	22.936375
0.276498	23.970641
0.287694	24.742693
0.298896	25.387185
0.310294	25.526342
0.321495	25.810041
0.332698	25.913116
0.343900	26.639154
0.355100	27.128428
0.366299	27.716794
0.377503	28.425124
0.388701	28.964024
0.399900	29.502381
0.411902	29.912647
0.423106	30.340082
0.434298	30.797729
0.445502	31.002186
0.456731	31.643292
0.467903	32.196374
0.479102	32.740765
0.490301	33.245242
0.501704	33.660230
0.513902	34.128525
0.525103	34.497834
0.536302	35.507291
0.547503	35.401822
0.558505	35.627787
0.569908	36.039439
0.581104	36.580315
0.591903	36.964138
0.603318	37.304448
0.615509	38.351519
0.626776	38.803492
0.638105	38.823099
0.649506	39.807868
0.660307	39.748440
0.671309	40.552427
0.682113	40.384718
0.692507	40.765557
0.703712	41.173616
0.714908	41.599562
0.726108	42.021046
0.737311	42.617771
0.748512	43.386020
0.759715	43.546929
0.771115	43.893598
0.782318	44.348495
0.793512	44.576618
0.804316	45.320683
0.815715	45.306772
0.826715	45.796906
0.837916	45.738250
0.849115	46.967855
0.860315	47.112351
0.871713	46.905375
0.882782	47.459799
0.894114	47.752077
0.905319	48.249621
0.916722	48.627868
0.928117	49.162870
0.939316	49.272769
0.950516	49.604798
0.961915	50.108766
0.972917	50.388651
0.984117	50.648871
0.994918	51.070578
1.000000	51.353968
1.000000	52.869807
0.981611	53.168780
0.963285	52.464654
0.945950	52.341032
0.928616	52.220383
0.913279	51.656402
0.895948	51.348270
0.878610	51.663244
0.861283	51.054599
0.843950	50.721658
0.826614	50.731327
0.809274	50.664777
0.791613	50.240271
0.774286	49.450323
0.756280	49.370359
0.738613	48.933015
0.721279	48.756929
0.704945	48.375933
0.687608	48.205952
0.670945	48.063485
0.653610	47.395659
0.636272	47.120220
0.618941	46.906789
0.601610	46.445384
0.583939	46.328217
0.566608	45.656284
0.549607	45.431194
0.532272	45.378820
0.514935	45.384058
0.497600	44.566858
0.480265	44.441450
0.462934	43.791231
0.445272	43.682233
0.426263	43.193125
0.408594	42.854173
0.391264	42.225246
0.373932	42.145171
0.356266	41.979657
0.338922	41.475535
0.321600	41.321589
0.304266	41.021632
0.286933	40.582767
0.269602	40.031336
0.253264	39.817295
0.235928	39.429666
0.218582	38.742797
0.201260	38.098763
0.184596	37.753505
0.167261	37.617400
0.149596	36.906355
0.131928	36.115180
0.114592	35.348286
0.099217	35.318957
0.099216	36.241772
0.080580	36.203398
0.062576	35.888882
0.045132	34.268983
0.027578	33.140958
0.010244	31.570956
0.000000	26.651114


-0.009457	-380.436854
-0.008662	-352.670718
-0.007880	-287.374423
-0.007089	-239.086832
-0.006305	-220.507550
-0.005520	-196.583002
-0.004713	-150.743797
-0.003918	-98.119202
-0.003129	-36.985837
-0.002354	-5.360915
-0.001567	-0.639067
-0.000784	-2.408604
0.000000	0.000000
0.000782	0.364765
0.001560	0.259561
0.002344	1.778412
0.003125	1.861669
0.003923	2.161822
0.004707	2.075308
0.005492	2.119215
0.005492	2.609074
0.005492	2.808086
0.016313	3.175269
0.026913	4.425703
0.038115	5.328016
0.050115	6.583562
0.062116	8.027059
0.072914	9.338716
0.083718	10.139992
0.096118	10.510769
0.108526	11.854493
0.119716	12.775574
0.130919	13.449143
0.142118	14.367699
0.153318	15.427008
0.164921	15.439137
0.176120	16.631906
0.187721	17.821237
0.198920	18.281978
0.209920	18.937675
0.221321	19.604701
0.232521	20.854791
0.244318	21.400973
0.254921	21.926700
0.266122	22.922474
0.277324	23.588191
0.288533	23.714194
0.299726	24.307785
0.311122	25.404800
0.322400	25.446208
0.333524	25.742566
0.344724	26.287602
0.356212	27.187391
0.367325	27.725180
0.378525	28.033602
0.389325	28.521256
0.400332	29.415833
0.411527	29.800233
0.423531	29.863079
0.434929	30.830390
0.446129	31.061772
0.456928	31.360874
0.467728	31.967101
0.479525	33.070824
0.490530	33.038738
0.501595	33.124472
0.513362	33.871624
0.525732	34.429367
0.537131	34.978260
0.548732	35.604915
0.560332	36.091387
0.571547	36.097939
0.582331	36.647672
0.593531	36.909985
0.604533	37.413249
0.615732	38.065370
0.627139	38.539099
0.638333	38.766727
0.649535	39.596475
0.660336	39.980747
0.671533	40.122085
0.682736	40.794916
0.693942	40.903785
0.705138	41.561994
0.716341	41.986614
0.727536	42.251488
0.738745	42.502896
0.749943	43.464253
0.761143	43.538427
0.772339	44.059198
0.783547	44.216453
0.794739	44.812837
0.806146	45.089366
0.817943	45.575714
0.829341	46.078304
0.840743	46.506322
0.852142	47.041974
0.863538	46.933808
0.874345	47.202966
0.885146	47.774661
0.896943	48.419975
0.908141	48.892080
0.919344	49.021113
0.930409	49.561712
0.941544	49.616514
0.952746	50.112606
0.964143	50.745206
0.975344	51.265805
0.986146	51.606068
0.996750	51.879207
1.000000	52.064593
1.000000	53.267294
0.981706	52.823403
0.964366	52.695625
0.947030	52.337755
0.929364	52.319001
0.912684	52.232210
0.895362	51.656364
0.878029	51.468868
0.860699	51.117957
0.843366	50.813246
0.825691	50.601902
0.808697	50.381037
0.792031	49.926731
0.774696	50.067183
0.757363	49.817473
0.739356	49.612614
0.722019	48.963696
0.704362	48.730046
0.687027	48.803488
0.669692	48.189429
0.652016	48.318553
0.634697	47.646382
0.617354	47.276511
0.600004	47.096075
0.582684	46.714169
0.565350	46.722735
0.548017	45.930926
0.530688	45.541377
0.513011	45.268412
0.495356	44.764356
0.478005	44.491563
0.460353	44.336162
0.443015	44.066609
0.425684	43.642818
0.408348	43.225574
0.391009	42.917555
0.373349	42.321596
0.356008	42.065605
0.338675	41.586683
0.321353	41.204821
0.304013	40.855429
0.286680	40.768630
0.269344	40.148968
0.252013	39.834094
0.234676	39.220635
0.215006	38.911905
0.197668	38.367088
0.180345	37.835920
0.161677	37.367003
0.145335	36.744182
0.128009	36.061717
0.111009	35.663735
0.099451	35.791410
0.099450	35.924616
0.080894	35.348085
0.063558	34.547244
0.045891	33.814744
0.028552	32.091621
0.011889	28.607369
0.000000	28.562588


-0.014176	-588.306849
-0.013403	-556.185484
-0.012620	-487.840257
-0.011831	-438.768445
-0.011049	-409.915445
-0.010274	-406.976028
-0.009315	-379.565383
-0.008535	-330.341389
-0.007744	-252.289583
-0.006782	-198.088858
-0.006002	-196.821032
-0.005217	-158.246227
-0.004263	-136.711890
-0.003309	-53.221302
-0.002529	-2.884214
-0.001738	-2.020364
-0.000787	-0.549547
0.000000	0.000000
0.000786	0.876456
0.001566	1.449039
0.002529	1.064173
0.003310	-0.560186
0.004093	1.327005
0.004875	1.288474
0.005833	2.438670
0.006617	2.690955
0.007401	2.566932
0.008362	3.150019
0.009148	3.095780
0.009924	3.534170
0.009924	3.510198
0.009924	3.476049
0.021235	4.125943
0.032634	5.343551
0.044632	6.307406
0.056638	8.143801
0.068637	9.318904
0.080037	10.069665
0.091437	11.185572
0.103837	12.093986
0.114835	12.732093
0.126036	13.452181
0.137836	14.129058
0.148645	15.099604
0.159846	15.929390
0.171044	16.720126
0.182238	17.586248
0.193444	18.253426
0.204640	19.319412
0.215438	19.484702
0.226041	20.471532
0.237237	21.690295
0.248450	22.007743
0.259244	22.335340
0.270442	23.126482
0.281241	24.239516
0.292244	24.702746
0.304244	25.289129
0.315442	25.397303
0.326444	25.853835
0.337241	26.371625
0.348644	27.039591
0.359443	27.660126
0.371042	27.640418
0.382244	28.120687
0.393445	28.592554
0.404644	29.330720
0.416845	29.930283
0.428047	30.203018
0.439246	30.498051
0.450049	30.800573
0.460644	31.471488
0.471450	31.754606
0.482047	32.354260
0.493248	32.760275
0.504652	33.392760
0.516648	33.823976
0.527449	34.230663
0.538250	34.837750
0.549253	35.030678
0.560454	35.318912
0.571856	35.690240
0.583057	36.137799
0.594251	36.739680
0.605653	37.283590
0.617259	37.719226
0.628856	38.026953
0.640252	38.456364
0.651054	38.768625
0.662856	39.210811
0.673453	39.745282
0.684658	40.376601
0.697259	40.512003
0.708654	41.106714
0.720655	41.286112
0.731854	41.674787
0.743056	42.085211
0.754256	42.467705
0.766656	42.911982
0.777857	43.293205
0.789058	43.640520
0.800260	44.007130
0.811461	44.739676
0.822459	45.110440
0.833661	45.618609
0.845064	45.671853
0.856264	45.745753
0.867062	46.355690
0.878460	46.489930
0.889263	46.989361
0.900262	47.419877
0.911063	47.870780
0.921667	48.094416
0.933063	48.179848
0.943867	48.697840
0.956065	49.260089
0.967062	49.609053
0.978461	50.369949
0.990071	50.537815
1.000000	51.078127
0.999999	51.494755
0.981037	51.764978
0.963037	51.510489
0.945369	51.003943
0.926030	50.595931
0.908700	50.435771
0.891367	50.216566
0.874685	50.024412
0.857356	49.689312
0.840018	49.557545
0.822366	49.234659
0.805030	48.699687
0.787361	48.482414
0.770030	48.305130
0.753351	48.017008
0.736029	47.153408
0.718696	46.835968
0.701362	46.957875
0.684023	46.613665
0.666689	46.085681
0.649366	46.111887
0.632208	45.701944
0.614695	45.616985
0.597691	44.814685
0.580020	44.485033
0.562251	44.222087
0.545024	44.035400
0.527691	43.753371
0.510357	43.465845
0.493023	42.730154
0.475685	42.747024
0.458355	42.267232
0.441688	42.131768
0.424016	41.754030
0.406686	41.377353
0.389352	40.532253
0.372019	40.466736
0.354682	40.317737
0.337347	39.787069
0.320674	39.121089
0.303351	38.463420
0.284911	38.225677
0.267682	37.941588
0.250347	37.542153
0.234002	37.238658
0.216343	36.757854
0.198998	36.523241
0.181671	35.929306
0.164341	35.505381
0.147004	34.900798
0.129580	34.053647
0.112674	33.502955
0.099008	33.123838
0.099007	33.905789
0.080880	33.510387
0.063543	32.800646
0.046195	31.791543
0.029536	30.952834
0.012203	29.169936
0.000000	27.765936


-0.011119	-408.054778
-0.010343	-364.876939
-0.009560	-327.995230
-0.008776	-329.484258
-0.007994	-312.379516
-0.007215	-278.273176
-0.006430	-220.757102
-0.005651	-164.056373
-0.004690	-111.197327
-0.003904	-45.849065
-0.003121	-28.614952
-0.002339	-0.637608
-0.001559	-8.566116
-0.000778	-5.242625
0.000000	0.000000
0.000777	0.715869
0.001554	1.165531
0.002337	1.365028
0.003120	2.572158
0.004083	2.272000
0.004871	2.232732
0.005659	2.391504
0.006433	2.260260
0.007222	2.630314
0.007222	2.440793
0.007222	2.834835
0.017988	3.796412
0.028588	5.248332
0.039787	6.058378
0.051589	7.145531
0.063596	8.344584
0.074592	9.595227
0.085794	10.578405
0.096591	11.247534
0.107993	12.024879
0.119194	13.317126
0.130390	13.749573
0.141589	14.929799
0.152791	15.429843
0.163997	16.241750
0.175199	16.830311
0.186995	17.724198
0.198396	18.888890
0.209796	19.594063
0.221401	20.507570
0.233194	21.138135
0.244601	22.240317
0.255999	22.811039
0.266800	23.071027
0.277999	24.227491
0.288598	24.786489
0.299208	25.161442
0.310403	25.679063
0.321603	26.208542
0.332800	27.015827
0.343605	27.252938
0.354597	27.743454
0.365797	28.457751
0.377000	29.004885
0.387802	29.003738
0.398801	29.466511
0.409999	30.166457
0.422200	30.974394
0.433400	31.255484
0.444600	31.880604
0.455401	32.062982
0.466204	32.390388
0.477604	33.072974
0.488810	33.262706
0.500402	33.527285
0.511603	34.141966
0.523672	34.694169
0.535005	35.466019
0.546208	35.834254
0.557200	36.382830
0.568209	36.874193
0.580405	37.341298
0.592005	37.258162
0.602408	38.109611
0.613003	38.976465
0.624207	39.137133
0.635207	39.607982
0.646412	40.053433
0.657214	40.323120
0.668211	40.618635
0.679012	40.849442
0.690212	41.682671
0.701409	42.106305
0.712609	42.327948
0.723614	42.571549
0.734826	43.032853
0.746212	43.909920
0.757615	44.122782
0.769612	44.673770
0.780811	44.848465
0.792479	45.540340
0.803614	45.759515
0.815017	46.561127
0.826415	46.568635
0.837615	47.279319
0.848615	47.291599
0.859215	47.889157
0.870014	48.260776
0.880616	48.363059
0.891416	48.933316
0.902618	49.277319
0.913879	49.506642
0.925016	50.252866
0.936218	50.439668
0.947418	50.326474
0.958423	50.597531
0.969225	50.997380
0.980417	51.378082
0.991624	52.032548
1.000000	51.928919
1.000000	53.385406
0.980866	53.241458
0.963546	52.674745
0.946211	52.397483
0.928544	52.405140
0.911210	52.056809
0.893875	51.602499
0.876542	51.432874
0.859209	51.168323
0.841874	51.070952
0.824204	50.992232
0.806869	50.538246
0.789538	50.659596
0.772205	50.209581
0.754862	50.068347
0.737537	49.121749
0.720535	48.934379
0.703870	48.524169
0.686533	48.137983
0.669202	48.016919
0.651864	47.927945
0.634196	47.580940
0.616860	47.218158
0.597196	46.792605
0.579864	46.351455
0.562531	45.880394
0.545848	45.539022
0.528530	45.270762
0.511183	44.717050
0.493859	44.699991
0.476529	44.570616
0.459193	43.873324
0.441529	43.847584
0.425084	43.432251
0.407528	42.985470
0.390189	43.007779
0.372852	42.456853
0.355524	42.218350
0.338196	41.581694
0.320855	41.394747
0.303517	41.208831
0.285855	40.653934
0.268188	39.958243
0.250854	39.387635
0.233078	39.331966
0.215854	38.405268
0.198517	38.410534
0.181186	37.669102
0.163853	37.011061
0.146517	36.352671
0.129185	36.115347
0.111850	35.673199
0.099278	35.093100
0.099278	38.279515
0.081541	37.123378
0.064201	37.043978
0.046862	36.281253
0.029201	34.424413
0.011199	33.770608
0.000000	31.489814


-0.012857	-419.488923
-0.011903	-385.470866
-0.011125	-365.705255
-0.010338	-302.554420
-0.009564	-262.676100
-0.008783	-269.068842
-0.008002	-211.078163
-0.007212	-176.901818
-0.006430	-153.692641
-0.005656	-110.438820
-0.004868	-55.195218
-0.004092	-18.578119
-0.003309	-7.877969
-0.002351	-0.172624
-0.001568	-1.639123
-0.000780	-0.138893
0.000000	0.000000
0.000796	1.775713
0.001579	2.027729
0.002355	1.630221
0.003142	1.291090
0.003922	2.436709
0.004705	2.636696
0.005481	2.555604
0.006265	2.548675
0.007060	2.523902
0.007060	2.968793
0.007060	3.236342
0.017879	3.867044
0.028486	4.758912
0.040684	6.143815
0.052885	7.056959
0.064085	8.749841
0.075284	9.880867
0.086486	10.922040
0.097884	11.125932
0.110087	12.189277
0.120882	13.443758
0.133087	14.253455
0.144487	14.228305
0.155084	15.145926
0.165684	15.952550
0.177085	16.738875
0.188090	17.680517
0.199287	18.308583
0.211685	19.346783
0.222886	20.391603
0.234490	20.634762
0.245087	21.689749
0.255687	22.013209
0.266293	22.501770
0.277287	23.096215
0.288492	24.222956
0.299689	24.847150
0.310892	25.245650
0.322293	25.355458
0.333490	25.971724
0.344688	26.405418
0.355490	26.691209
0.366788	27.420086
0.377759	27.803844
0.389092	28.210121
0.400493	28.503000
0.412895	29.285627
0.424094	29.956905
0.435693	30.528725
0.446693	30.754177
0.457496	31.410373
0.469093	31.745067
0.480296	32.264689
0.491696	32.907208
0.503095	33.111328
0.515294	33.602282
0.526499	34.207873
0.538095	34.814111
0.549501	35.590578
0.560900	35.216849
0.571298	35.941206
0.582300	36.493420
0.593501	36.733383
0.604510	37.224669
0.615300	37.805181
0.625909	38.105854
0.637100	38.888098
0.648105	38.799977
0.658902	39.110631
0.670103	39.702223
0.681105	40.031717
0.692302	40.387507
0.702906	40.414368
0.713903	41.473883
0.724503	41.319913
0.735503	41.636326
0.746704	42.223957
0.758103	42.397548
0.769307	43.082093
0.780504	43.501714
0.791712	43.890595
0.802908	44.628716
0.814105	44.705583
0.825306	45.398256
0.836106	45.494025
0.847306	46.118544
0.858507	46.451256
0.869708	46.693073
0.881115	47.275823
0.892308	47.820114
0.903510	48.095046
0.914311	48.299314
0.925509	48.675115
0.936542	49.233313
0.947917	49.446734
0.959312	49.952171
0.970916	50.460704
0.982113	50.854943
0.993517	50.957075
1.000000	51.770946
1.000000	52.937538
0.981854	52.565786
0.964515	52.364291
0.947185	52.121058
0.929856	51.544097
0.912171	51.251791
0.894855	51.122162
0.877520	50.902884
0.860188	50.856104
0.842852	50.117505
0.825506	50.155430
0.808180	49.521693
0.790855	49.600521
0.773412	49.188799
0.755854	49.159220
0.738509	48.612210
0.721179	48.564684
0.703842	48.464918
0.687182	47.872877
0.669850	47.500147
0.652499	47.305660
0.635166	47.140867
0.617512	46.578078
0.599846	46.392625
0.581177	45.929248
0.563846	45.442887
0.546509	45.382629
0.529173	45.163544
0.511502	44.602975
0.494172	44.570872
0.476836	44.218252
0.459837	43.918316
0.442507	43.432296
0.424504	42.911972
0.407172	42.295771
0.389833	41.966771
0.372503	41.754567
0.355169	41.775687
0.337502	41.194478
0.319834	40.497348
0.302502	40.149163
0.285166	39.454422
0.267794	39.695549
0.250496	39.114306
0.233160	38.771241
0.215832	37.988853
0.198492	37.850099
0.181163	37.171180
0.164496	36.397497
0.147157	36.099416
0.130797	35.503735
0.113492	35.170940
0.099294	34.996290
0.099293	34.394289
0.080169	34.189392
0.062835	33.586816
0.045843	32.659717
0.028505	31.137409
0.011177	30.036397
0.000000	28.262673


-0.014260	-507.514614
-0.013463	-445.402378
-0.012501	-415.357763
-0.011549	-405.761186
-0.010760	-384.822226
-0.009970	-313.084683
-0.009011	-303.214880
-0.008225	-248.948743
-0.007444	-167.469810
-0.006666	-124.521245
-0.005873	-112.849473
-0.005077	-78.883226
-0.004112	-25.815110
-0.003312	-1.523359
-0.002530	-0.336477
-0.001575	-0.037327
-0.000788	-0.073369
0.000000	0.000000
0.000958	1.183775
0.001733	1.856153
0.002517	2.248331
0.003306	2.322452
0.004088	2.174103
0.004875	2.561349
0.005662	2.659441
0.006446	2.967370
0.007221	3.128358
0.008005	3.536663
0.008005	3.622928
0.008005	3.954851
0.018837	4.093887
0.030040	5.100752
0.042036	6.259386
0.053244	8.113025
0.064435	9.276767
0.075640	10.194862
0.087235	10.820561
0.098433	11.611825
0.110438	12.548844
0.121638	13.544527
0.132838	14.453348
0.144038	15.035171
0.154640	15.659616
0.166038	16.421132
0.177238	17.586744
0.188043	18.282314
0.198842	18.991759
0.210443	19.525691
0.221443	20.211229
0.232843	20.676186
0.244041	21.329286
0.255246	22.702450
0.266648	23.171873
0.278326	23.518445
0.289443	24.371705
0.300847	24.877020
0.311647	25.369192
0.322844	26.036005
0.334044	26.224793
0.345244	26.939849
0.356644	27.028835
0.367845	27.731072
0.379050	28.457195
0.389846	28.713085
0.401253	28.857251
0.413246	29.362140
0.424249	29.881992
0.435051	30.292660
0.445854	30.521618
0.457110	31.110207
0.468258	31.975398
0.479651	32.077822
0.490657	32.646828
0.501918	33.205713
0.513853	33.670238
0.525048	34.202127
0.536250	34.811207
0.547456	35.348172
0.558254	35.307561
0.569369	35.783279
0.580453	36.334885
0.591532	37.075306
0.602654	37.486841
0.613654	37.833648
0.624858	38.286688
0.636057	38.474289
0.647255	39.036415
0.658455	39.343575
0.669854	39.843104
0.681124	40.436548
0.692456	40.746153
0.703256	41.088477
0.714742	41.913113
0.725923	42.108212
0.737057	42.094332
0.747658	42.727330
0.758259	43.065843
0.769459	43.396001
0.780661	43.958468
0.792859	44.214776
0.803672	45.195866
0.815464	44.966699
0.826463	45.522790
0.838064	45.848445
0.849667	46.248770
0.861260	46.729982
0.872267	46.861376
0.883464	47.372020
0.894261	47.698669
0.905072	47.888348
0.916465	48.501831
0.927667	49.028385
0.938865	48.991901
0.949932	49.208622
0.961066	50.000993
0.971862	50.493303
0.983266	50.453385
0.994263	51.080444
1.000000	51.296137
0.999999	52.345357
0.981020	52.593366
0.962642	51.775844
0.945354	51.731831
0.928023	51.356784
0.910684	51.089853
0.893360	51.213816
0.876013	50.573830
0.858682	50.469196
0.841357	49.985497
0.822994	49.867580
0.804015	49.407882
0.786681	49.200158
0.769685	48.945593
0.752348	48.742726
0.734683	48.195697
0.717349	48.082384
0.700003	47.509070
0.682681	47.285727
0.665342	46.979978
0.648016	46.592220
0.631346	46.408494
0.614013	46.481287
0.596351	45.629426
0.579011	45.306607
0.561679	44.826660
0.544342	44.799822
0.527676	44.955215
0.509669	44.302648
0.492342	43.945746
0.474986	43.717516
0.457670	43.059370
0.440336	42.647833
0.422999	42.322621
0.406334	42.259261
0.388999	41.806190
0.371328	41.503980
0.353991	40.898364
0.336672	40.916518
0.318991	40.297955
0.301333	39.629007
0.284334	39.609973
0.267000	38.980363
0.249934	39.103446
0.233324	38.304185
0.215999	37.938549
0.198329	37.434123
0.180314	37.009928
0.162914	36.802424
0.145662	36.304766
0.128662	35.554046
0.112329	34.791601
0.099199	34.659923
0.099199	36.692705
0.081002	36.147186
0.063671	35.470565
0.046339	34.160200
0.028005	33.280912
0.010338	31.634906
0.000000	30.842661


-0.011319	-500.984919
-0.010531	-422.258097
-0.009735	-386.209864
-0.008776	-372.667770
-0.007990	-318.946109
-0.007203	-246.243673
-0.006425	-255.759650
-0.005645	-202.556209
-0.004867	-145.145403
-0.004088	-97.775530
-0.003304	-46.895432
-0.002519	-4.247707
-0.001565	-1.236043
-0.000777	-1.166051
0.000000	0.000000
0.000789	0.215710
0.001569	0.049944
0.002364	0.111010
0.003149	1.522037
0.003935	2.132874
0.004896	2.400403
0.005682	2.293402
0.006459	1.787800
0.007241	2.705408
0.007241	2.847402
0.007241	3.193849
0.018176	3.732277
0.028777	5.128418
0.039976	6.342064
0.050777	7.210426
0.061376	8.451809
0.072380	9.843881
0.083580	11.153202
0.094778	11.879388
0.105979	12.648264
0.116810	13.731300
0.127978	14.535524
0.139180	15.568402
0.151378	16.349824
0.162778	17.365472
0.173980	18.465705
0.185589	18.909872
0.196782	19.708000
0.207382	20.592713
0.218579	21.220672
0.230381	22.016896
0.241585	22.807129
0.252585	23.682089
0.263787	24.446562
0.274583	25.365170
0.285787	25.948310
0.296584	26.380572
0.307385	26.690134
0.318185	27.150189
0.328786	27.541452
0.340002	28.315919
0.351185	28.346101
0.362386	29.077994
0.373587	29.694861
0.384986	30.123961
0.395990	30.527738
0.407395	30.980274
0.418793	31.150743
0.430189	31.959587
0.441795	32.158582
0.453194	32.776369
0.464593	33.237973
0.475995	33.754324
0.487391	34.174196
0.498592	34.695578
0.509999	35.286998
0.522192	35.771781
0.533392	36.319964
0.544792	36.717251
0.555633	37.282131
0.566195	37.690884
0.577593	38.286876
0.588795	38.786626
0.599999	39.185564
0.610798	39.244076
0.621795	39.867703
0.632598	40.148820
0.643210	40.901037
0.654396	40.687708
0.665196	41.585070
0.676398	41.841589
0.687597	41.853594
0.699197	42.001223
0.710398	42.655390
0.721598	43.047526
0.732999	44.367208
0.744201	44.354240
0.755200	44.978952
0.766400	45.248766
0.778004	45.499846
0.789204	45.766010
0.800800	46.483984
0.812205	46.835637
0.823405	47.247912
0.834602	47.513566
0.846004	48.132317
0.856806	48.623010
0.867807	48.733774
0.879004	48.918725
0.890603	49.453249
0.901809	49.903562
0.913003	50.235590
0.923805	50.460247
0.935013	50.645744
0.946217	51.319164
0.957415	51.477085
0.968607	51.683514
0.979808	52.266773
0.990606	52.492526
1.000000	53.237712
0.999999	54.299894
0.981496	54.014572
0.964151	54.092016
0.944824	53.267296
0.927161	52.978785
0.909819	53.197968
0.893148	52.511288
0.875823	52.537490
0.858374	52.144268
0.841160	52.193697
0.823823	51.682156
0.806453	51.120561
0.788156	50.948188
0.770816	50.639903
0.753494	50.331932
0.736157	49.679159
0.718813	49.907892
0.701486	49.171865
0.684149	48.893912
0.667149	49.197972
0.649816	48.657569
0.632484	48.553514
0.615149	47.887340
0.597812	47.601060
0.580483	47.216240
0.563145	46.734744
0.546146	46.369065
0.529482	45.791213
0.511811	45.746213
0.494477	45.149280
0.477148	45.009417
0.459812	44.642919
0.442471	44.710029
0.425143	44.398221
0.408477	43.914631
0.391142	43.288667
0.374453	42.911700
0.357137	42.730757
0.339808	42.355830
0.321811	41.822196
0.302807	41.885124
0.285472	41.052097
0.268138	40.544168
0.251461	40.097987
0.234131	39.726462
0.216804	39.485901
0.198801	38.704218
0.181470	38.712042
0.164135	37.983981
0.146797	37.410245
0.129126	36.906640
0.111696	36.304922
0.099276	36.007143
0.099276	37.496336
0.081095	37.341479
0.063758	36.870286
0.046431	35.452913
0.029753	33.231554
0.012431	32.372139
0.000000	31.967646


-0.010601	-484.455785
-0.009814	-425.146320
-0.008851	-338.377230
-0.008065	-320.508431
-0.007252	-292.770747
-0.006466	-250.464782
-0.005678	-237.614678
-0.004874	-204.559747
-0.003915	-154.745036
-0.003134	-128.760727
-0.002346	-55.969384
-0.001560	-13.577154
-0.000775	0.125167
0.000000	0.000000
0.000818	0.621002
0.001594	0.951450
0.002545	1.095549
0.003327	2.499710
0.004112	2.110927
0.004894	2.345761
0.005677	2.397254
0.006464	2.861815
0.007239	3.136363
0.008198	3.268096
0.008198	3.035307
0.008199	3.520460
0.018972	4.220964
0.029575	4.896030
0.040783	6.565778
0.051973	8.476785
0.063174	9.715492
0.073974	10.536038
0.084640	11.655483
0.095978	12.462929
0.107975	12.782041
0.118775	13.896787
0.129778	14.973314
0.140976	15.441632
0.151976	16.178590
0.163378	17.342041
0.174580	17.941188
0.185780	18.724197
0.197385	19.220439
0.208378	19.994908
0.219780	20.938056
0.230980	21.469164
0.242179	21.927101
0.253587	22.796482
0.264790	23.467946
0.275784	24.268384
0.286979	24.920885
0.298184	25.045236
0.309382	25.536269
0.320581	26.036290
0.331584	26.715091
0.342183	27.366732
0.353406	27.664988
0.364583	28.339549
0.375788	28.897539
0.386986	29.037272
0.398385	29.323895
0.409787	29.755801
0.422185	30.165758
0.432988	31.060842
0.444390	31.343321
0.455795	32.007545
0.466987	32.421548
0.478389	33.047724
0.489792	33.308101
0.501188	33.808459
0.512989	34.683724
0.525590	34.917785
0.537136	35.606603
0.548391	35.735002
0.559794	36.393283
0.571191	36.554353
0.582189	37.064410
0.592794	37.476330
0.603991	38.209081
0.615197	38.305059
0.626394	38.793360
0.637598	39.345247
0.648195	39.507130
0.658800	39.991949
0.669997	40.360750
0.681196	40.840073
0.692398	41.228651
0.703195	41.697249
0.714195	41.938523
0.725394	42.427965
0.736616	42.699138
0.748598	43.109685
0.759799	43.449411
0.770801	43.761667
0.781600	44.132432
0.792804	44.485603
0.803999	45.139083
0.815397	45.493515
0.827400	45.683122
0.838604	46.103320
0.850604	46.865086
0.862000	47.110093
0.873603	47.407324
0.884802	47.754797
0.897472	48.565489
0.908608	48.712267
0.919207	48.834093
0.930203	49.221623
0.941407	49.589743
0.952606	49.772000
0.964005	50.366062
0.974804	51.045300
0.986206	51.138989
0.997616	51.250058
1.000000	51.834352
0.999999	52.721544
0.980535	52.537879
0.963199	52.283633
0.945870	52.389406
0.928535	51.671560
0.911203	51.022180
0.893869	51.286152
0.877534	50.909401
0.860193	50.575244
0.842855	49.942722
0.825527	49.758220
0.808196	49.295711
0.790861	49.081448
0.773517	49.014693
0.756181	48.408522
0.738533	48.187949
0.719192	48.106166
0.701846	47.548395
0.684524	47.170572
0.667200	47.027977
0.649859	46.764137
0.632512	46.414261
0.615198	45.995950
0.597853	45.887478
0.580518	45.563340
0.562858	45.011524
0.546188	44.785204
0.526514	44.460937
0.509187	43.739420
0.491850	43.254547
0.474858	42.940313
0.457521	42.898740
0.440184	42.404215
0.422852	42.042815
0.405513	41.562836
0.388180	41.401578
0.370846	41.345912
0.353517	40.731250
0.336184	40.049369
0.319838	39.935689
0.302510	39.607075
0.285182	39.068691
0.268511	38.642605
0.251177	38.208932
0.234513	37.282116
0.217173	37.121759
0.200172	36.789711
0.182511	35.948839
0.165174	36.079207
0.147844	35.393774
0.130509	34.952623
0.113163	34.218338
0.099180	33.745135
0.099180	31.742538
0.081057	31.617845
0.063719	30.941655
0.046401	29.772645
0.029064	28.191011
0.011397	24.614208
0.000000	23.135557


-0.010205	-382.833357
-0.009417	-329.838916
-0.008636	-286.099716
-0.007823	-251.549928
-0.007043	-210.021985
-0.006258	-175.679525
-0.005471	-133.325544
-0.004688	-83.461835
-0.003909	-51.032532
-0.003113	-9.733694
-0.002338	-7.673041
-0.001564	-0.972612
-0.000788	-1.409385
0.000000	0.000000
0.000775	-2.312535
0.001736	0.647700
0.002520	2.099321
0.003294	1.695516
0.004077	1.836278
0.004869	2.005887
0.004869	2.019455
0.004869	2.142384
0.015469	3.125954
0.026051	4.081338
0.037247	5.399766
0.049652	6.877959
0.061648	8.360046
0.072847	9.446472
0.084051	10.396186
0.095250	10.939093
0.106851	11.967319
0.118055	12.616237
0.129050	13.702682
0.140252	14.572029
0.151652	15.405811
0.163116	15.722413
0.174453	16.438242
0.185853	17.465704
0.196663	18.375182
0.207652	19.304764
0.219052	20.012450
0.230054	20.594001
0.241338	21.557336
0.253058	22.149787
0.264055	22.821974
0.274856	23.167647
0.286254	24.160784
0.297322	24.819985
0.308462	24.967998
0.319657	25.450281
0.330858	25.848640
0.341860	26.253011
0.352666	26.688731
0.363868	27.255491
0.374863	28.184961
0.386058	28.352532
0.397260	28.900758
0.408860	29.292936
0.420461	29.897912
0.431726	30.265347
0.442460	30.873298
0.453463	31.506967
0.464571	31.965640
0.475661	32.282857
0.486859	33.188474
0.498073	33.675441
0.508870	33.801270
0.520265	34.288401
0.531464	34.935320
0.542664	35.212539
0.553668	35.224450
0.564667	35.775698
0.575665	36.527946
0.586465	36.565374
0.597066	37.213640
0.608268	38.140478
0.619466	38.109485
0.630267	38.372402
0.641102	39.438718
0.653474	39.521245
0.664267	40.029124
0.675670	40.545964
0.686874	40.717589
0.698476	41.408422
0.709876	41.965076
0.721271	41.869357
0.731871	42.443939
0.743073	42.941324
0.753872	43.328000
0.764504	43.700717
0.775675	44.259703
0.786882	44.468767
0.798273	44.832817
0.809334	45.116493
0.820474	45.712990
0.831275	46.073630
0.841887	46.312010
0.853073	46.479207
0.864275	47.266898
0.875477	47.547975
0.886677	47.674968
0.897878	48.134855
0.909077	48.329313
0.920880	48.672567
0.931677	49.414765
0.942878	49.584860
0.953478	50.208894
0.965078	50.636438
0.976882	51.176750
0.988083	51.465896
0.999879	51.878515
1.000000	51.993094
1.000000	53.039848
0.981576	53.169753
0.963245	52.762155
0.945955	52.317309
0.926905	52.174737
0.909572	51.769125
0.892572	51.613548
0.875912	51.306599
0.858562	50.873676
0.841130	50.950958
0.823897	50.617358
0.806061	50.173765
0.788572	49.813216
0.769904	49.984377
0.752903	49.466772
0.735563	49.168404
0.718896	48.444413
0.701235	48.736105
0.683568	48.561141
0.666225	48.079756
0.648226	47.734990
0.631565	47.612382
0.614233	47.487753
0.594900	46.807365
0.577561	46.225953
0.560222	45.905994
0.542891	45.927885
0.525555	45.457852
0.508215	45.189526
0.490887	44.618866
0.473549	44.358918
0.456221	44.153436
0.438894	43.970558
0.421560	43.938685
0.404221	43.691032
0.386885	42.953222
0.369553	42.502620
0.352890	42.413140
0.335555	42.157999
0.318224	41.533114
0.300884	40.806242
0.283554	40.692829
0.265885	40.078070
0.248217	39.560914
0.230885	39.193492
0.213556	39.136213
0.197217	38.659181
0.179878	37.935918
0.162212	37.480712
0.144881	36.946511
0.127547	36.719950
0.110214	36.178171
0.099513	35.453682
0.099512	35.123332
0.081294	34.894818
0.063963	34.092102
0.046626	33.501517
0.029294	32.432503
0.012627	30.855789
0.000000	28.762215


-0.011322	-512.285430
-0.010538	-449.851465
-0.009750	-409.855392
-0.008781	-413.750423
-0.008000	-378.379966
-0.007219	-301.711856
-0.006257	-226.697470
-0.005478	-235.858815
-0.004703	-203.969842
-0.003915	-109.330038
-0.003135	-8.041849
-0.002362	-4.473369
-0.001579	-6.659519
-0.000792	-3.211875
0.000000	0.000000
0.000779	0.086312
0.001554	-0.177523
0.002349	0.594114
0.003145	-0.212511
0.003918	0.703441
0.004697	0.715773
0.005487	1.256795
0.006269	1.399335
0.007053	2.069402
0.007053	2.087960
0.007054	2.637123
0.017732	3.007852
0.028928	4.259083
0.039338	5.556097
0.050736	6.770219
0.062135	8.309215
0.072931	9.252377
0.083532	10.335012
0.094735	11.008728
0.106733	11.900536
0.117932	12.852194
0.129131	13.420998
0.140531	14.445951
0.151932	15.189262
0.164138	16.339406
0.175333	16.703257
0.186733	17.513530
0.197733	18.619158
0.208935	19.024282
0.220139	19.739469
0.231333	20.598388
0.242940	21.123356
0.254138	21.920574
0.265336	22.653423
0.276547	23.610317
0.287737	24.617000
0.298939	24.679915
0.310340	25.344139
0.321337	25.655286
0.332539	26.218734
0.343743	26.834209
0.354939	27.319071
0.365938	27.306738
0.376344	27.850245
0.387140	28.621561
0.397747	28.568752
0.408749	29.167822
0.420742	30.288944
0.432345	30.609224
0.443540	30.825506
0.454943	31.410839
0.465943	31.935945
0.476944	32.590840
0.488348	33.205450
0.499548	33.503095
0.510543	33.775134
0.522545	33.902435
0.533744	34.523900
0.544947	35.192559
0.556145	35.714860
0.567352	36.036243
0.578550	36.557236
0.589748	36.861873
0.600948	37.062644
0.612348	37.502287
0.623549	38.008908
0.634354	38.473510
0.644953	38.710857
0.656149	39.555015
0.667355	39.698038
0.678554	40.403107
0.689752	40.472368
0.700957	41.037790
0.712166	41.229568
0.723361	41.896000
0.734559	42.422394
0.746751	42.290143
0.757961	42.734524
0.769356	43.369454
0.780552	43.707041
0.792160	44.182503
0.803555	44.927400
0.814957	45.054720
0.826357	45.491956
0.837753	45.853472
0.848957	46.132999
0.860557	46.751893
0.871755	46.770122
0.883155	47.175269
0.894558	47.990321
0.905757	48.143888
0.916957	48.342700
0.928159	48.782538
0.939359	49.171596
0.950562	49.747154
0.961762	49.753900
0.972960	49.988822
0.984160	50.721435
0.994961	51.091180
1.000000	51.376406
1.000000	53.046886
0.981049	53.252473
0.962716	52.456158
0.945383	52.197164
0.927713	52.192591
0.909907	51.566823
0.892384	51.235103
0.873943	51.174065
0.856713	51.248609
0.839374	50.967334
0.822042	50.625393
0.804714	50.432487
0.788043	50.138715
0.770710	49.762920
0.753043	49.397398
0.735315	49.313915
0.717711	49.166637
0.700042	48.155313
0.682373	48.341717
0.665043	47.938369
0.647702	47.787198
0.630366	47.208660
0.613035	46.880136
0.595700	46.744781
0.578029	46.340222
0.560702	45.785627
0.543036	45.682202
0.525370	45.757837
0.507694	45.407116
0.490364	44.699335
0.473034	43.899537
0.456365	43.969965
0.438699	44.154810
0.421357	43.441072
0.404030	43.019185
0.386692	42.181415
0.369365	42.090900
0.351029	41.418637
0.333696	41.200729
0.316363	40.949599
0.299028	40.579270
0.281694	40.394118
0.265026	39.748299
0.247692	39.373516
0.230685	38.847044
0.213361	38.329426
0.194026	37.832053
0.176358	37.497835
0.159024	37.185578
0.141690	36.403538
0.124352	36.110086
0.107019	35.449788
0.099295	34.978814
0.099294	33.756637
0.081225	33.096182
0.063563	32.729600
0.045559	31.239431
0.025894	29.901432
0.008228	29.447376
0.000000	27.711928


-0.011965	-500.250789
-0.011149	-451.124778
-0.010363	-424.851676
-0.009576	-371.749360
-0.008788	-318.720634
-0.008009	-288.089813
-0.007227	-241.313003
-0.006449	-184.501768
-0.005672	-185.875677
-0.004888	-192.276610
-0.003927	-105.191832
-0.003151	-54.812988
-0.002367	-50.881436
-0.001582	-2.599222
-0.000781	-1.290279
0.000000	0.000000
0.000784	-2.235191
0.001743	0.488862
0.002528	-0.465918
0.003308	0.936772
0.004095	1.188830
0.004877	1.838944
0.005654	2.080413
0.006437	2.179430
0.007219	1.563901
0.008180	1.919904
0.008957	2.014863
0.009743	2.310562
0.009743	2.474678
0.009744	2.821293
0.021131	3.362604
0.031923	4.981798
0.043124	5.962941
0.055325	6.915636
0.066524	8.292267
0.077324	9.675354
0.087934	10.153514
0.099133	11.356283
0.111131	12.203326
0.122525	13.383077
0.133530	14.065049
0.144729	14.849160
0.155532	15.474231
0.166528	16.337114
0.177529	16.943418
0.188927	17.730131
0.200327	18.502012
0.211534	19.253144
0.222734	20.144975
0.233534	21.012717
0.244835	22.139205
0.256130	22.566986
0.267129	23.463941
0.279534	24.142370
0.290740	24.978985
0.301536	25.643972
0.312732	25.675102
0.323532	26.205364
0.334133	26.822582
0.344933	27.363495
0.355534	27.704496
0.366734	28.074379
0.377336	28.542911
0.388541	28.444326
0.399541	29.169256
0.411738	29.874978
0.422936	29.909575
0.434139	30.108199
0.444942	31.198614
0.456343	31.550652
0.467339	31.831918
0.477941	32.095720
0.489338	33.028436
0.500540	33.489322
0.512943	33.685461
0.523949	33.473373
0.534945	34.718252
0.546148	35.379855
0.557742	35.665674
0.568941	35.859150
0.580141	36.529231
0.591349	37.369175
0.602944	37.504157
0.614140	38.101926
0.625140	38.600525
0.635942	38.753011
0.646747	39.265232
0.657944	39.766411
0.669146	40.466692
0.680345	40.142687
0.691145	40.522056
0.702350	41.406038
0.713146	42.027227
0.724348	41.989343
0.735754	42.373276
0.747148	42.722974
0.758750	42.933103
0.770149	43.315292
0.781350	43.821533
0.792617	44.041187
0.803752	44.384745
0.814749	44.537320
0.825754	45.398287
0.836351	45.815902
0.847350	45.932929
0.858556	46.291726
0.869761	47.120133
0.880551	47.190932
0.891155	47.383075
0.902353	47.893003
0.913560	48.284084
0.924758	49.210153
0.935962	49.301047
0.947158	49.386330
0.958358	49.812411
0.969959	50.059502
0.981154	50.343204
0.992954	50.647549
1.000000	51.216244
1.000000	52.534004
0.981903	51.752535
0.964232	52.006743
0.946563	51.588326
0.928901	51.508601
0.909558	51.035552
0.891892	50.640043
0.874565	50.577187
0.857216	50.312892
0.839554	49.861089
0.822216	49.824839
0.804895	49.476503
0.787565	49.021861
0.770231	49.016161
0.752557	48.653626
0.735218	48.228304
0.717890	47.928751
0.700561	47.473455
0.683226	47.493656
0.664768	47.328432
0.647557	46.699622
0.630221	46.367880
0.613222	46.091361
0.595654	45.652491
0.578224	45.360241
0.560556	45.119522
0.543221	44.801650
0.525881	44.441918
0.508884	44.198590
0.492219	43.536484
0.474886	43.082206
0.457549	42.935929
0.440220	42.945764
0.422552	42.793907
0.405045	42.132086
0.387512	41.803506
0.370214	41.074294
0.352873	40.985179
0.335547	40.559682
0.318209	39.898535
0.301203	39.770667
0.283542	39.620101
0.266209	38.990986
0.248872	38.455969
0.229877	37.745426
0.212532	37.767610
0.195205	37.103805
0.177867	36.592395
0.160207	36.177817
0.142874	35.945397
0.125207	35.083948
0.107540	34.340154
0.099026	33.946714
0.099025	34.142181
0.081181	33.996366
0.063523	33.328874
0.045808	31.945187
0.028524	30.597509
0.011853	28.094767
0.000000	22.296549


-0.007867	-403.045688
-0.007077	-402.178482
-0.006291	-346.757944
-0.005509	-271.486944
-0.004713	-257.285872
-0.003927	-216.940049
-0.003154	-118.943228
-0.002358	-78.861721
-0.001576	-42.789720
-0.000783	-5.693673
0.000000	0.000000
0.000961	-0.778055
0.001742	-6.608464
0.002521	1.227468
0.003326	-0.949296
0.004114	1.289586
0.004896	1.135202
0.005675	2.383772
0.006455	2.768374
0.007415	2.134876
0.007415	2.739276
0.007415	3.035955
0.018928	3.840788
0.030321	5.402624
0.041515	6.687848
0.054518	7.660924
0.066521	8.851586
0.078114	9.786953
0.089518	10.890352
0.100717	11.559765
0.112916	12.861842
0.125323	13.742467
0.136517	14.895077
0.148320	15.779365
0.159116	16.689421
0.170319	17.078904
0.181519	17.953313
0.192920	18.731152
0.204185	19.624744
0.215319	20.100522
0.226520	20.609093
0.237520	21.464209
0.248721	22.152926
0.259922	23.141528
0.271322	23.991534
0.282521	24.555080
0.293726	24.986996
0.304923	25.584541
0.316123	26.033296
0.327323	26.221480
0.338329	26.835871
0.349142	27.224406
0.359725	27.823530
0.370925	28.301277
0.382128	28.568067
0.393525	29.118659
0.404536	29.767050
0.416729	30.271927
0.427937	30.599495
0.439327	31.260902
0.450531	31.440395
0.462131	32.111317
0.473530	32.346157
0.484732	32.919436
0.495801	33.295057
0.506931	33.389162
0.518930	34.086820
0.530133	34.747565
0.541330	35.172820
0.552531	35.618979
0.563739	35.936608
0.574929	36.204209
0.586143	36.941989
0.597132	37.245801
0.608334	37.673573
0.619534	38.089508
0.630734	38.689221
0.641935	39.056114
0.653335	39.625258
0.664534	39.854138
0.675736	40.200109
0.686536	40.757293
0.697336	41.348148
0.708548	41.662800
0.719741	41.821511
0.731135	42.439451
0.742340	42.650274
0.753538	43.066255
0.764340	43.643466
0.775539	44.004241
0.786942	44.149305
0.798144	44.677299
0.809338	44.987709
0.820553	45.303215
0.831740	45.835646
0.842950	46.478262
0.854941	46.942984
0.866149	47.568612
0.877342	47.239114
0.888344	47.845530
0.899539	48.260085
0.910745	48.550826
0.921945	48.694727
0.932745	49.095316
0.943744	49.559317
0.954550	49.743904
0.965147	50.239079
0.976544	50.729010
0.987745	50.518983
0.998546	51.133262
1.000000	51.782246
0.999999	52.797090
0.980684	52.360778
0.963027	52.416400
0.945694	51.850159
0.928361	51.948111
0.911031	51.598347
0.894356	51.130849
0.877028	50.913653
0.859686	50.497930
0.842360	49.936583
0.824349	49.902395
0.806021	49.591038
0.788693	49.668270
0.771023	48.889548
0.753354	48.668865
0.736025	48.110214
0.718688	48.289441
0.701356	47.746751
0.684008	47.589018
0.666687	47.008520
0.649349	47.081639
0.632017	46.738160
0.615352	46.127388
0.598019	46.141685
0.580685	45.668987
0.563348	45.510960
0.546014	44.831212
0.528686	44.508109
0.512022	44.383180
0.494668	44.045207
0.477342	43.490092
0.460015	43.246189
0.442348	42.943761
0.424902	42.534946
0.407679	41.961317
0.390679	41.900092
0.373996	41.428320
0.356675	41.057852
0.339337	40.741782
0.321669	40.613152
0.304345	39.746743
0.287008	39.346596
0.269676	39.055995
0.252673	38.604174
0.235343	38.267242
0.218668	37.933800
0.201335	37.141868
0.183672	36.943659
0.164005	36.433030
0.146664	35.938372
0.129339	35.427193
0.112336	34.813152
0.099259	34.027713
0.099258	30.804284
0.081345	30.207865
0.064010	30.003890
0.046677	28.654638
0.029343	28.314706
0.011664	23.043018
0.000000	15.794780


-0.011012	-467.033330
-0.010227	-433.053336
-0.009439	-393.280764
-0.008650	-389.455984
-0.007867	-296.988469
-0.007086	-273.716458
-0.006289	-280.261934
-0.005506	-220.153611
-0.004716	-171.489294
-0.003938	-153.165743
-0.003157	-78.847579
-0.002373	-5.569153
-0.001583	-6.646420
-0.000781	-1.298684
0.000000	0.000000
0.000976	0.311973
0.001770	-1.639426
0.002554	1.739452
0.003332	1.420145
0.004127	1.699978
0.004909	2.179215
0.005692	2.362379
0.006471	2.123161
0.007260	2.759793
0.007260	2.882144
0.007261	3.417842
0.018013	4.085747
0.028618	5.637076
0.039812	6.238167
0.051816	7.774288
0.064217	9.304569
0.075410	10.702905
0.086613	11.368093
0.097815	12.243054
0.110216	12.939888
0.121415	13.929982
0.132618	14.849233
0.143814	15.855534
0.155016	16.200758
0.165816	17.187091
0.176618	17.656839
0.187815	18.792433
0.199017	19.401895
0.210217	20.080464
0.222017	20.761746
0.233224	21.539472
0.244220	22.486099
0.255424	23.420498
0.266419	23.800054
0.277619	24.401641
0.288823	25.063830
0.300023	25.613924
0.311220	26.441612
0.322418	26.556472
0.333622	26.964535
0.344825	27.571147
0.356023	28.028547
0.367223	28.320210
0.378423	28.934589
0.389638	29.089016
0.400824	29.524581
0.412228	30.204481
0.422827	30.635938
0.434025	30.939930
0.445225	31.719528
0.456227	32.034451
0.467429	32.262472
0.478630	32.440306
0.489825	33.248302
0.501231	33.627583
0.512428	34.141619
0.524428	35.118772
0.536628	35.142744
0.547829	35.873567
0.559628	36.029567
0.571033	36.647150
0.582228	36.891788
0.593494	37.786659
0.605833	38.015013
0.617031	38.370632
0.627831	38.704718
0.638432	38.831504
0.649630	39.253445
0.660835	39.720439
0.671633	40.096579
0.682635	40.663573
0.693833	40.709645
0.705035	41.339700
0.716435	41.429274
0.727436	42.017503
0.738835	42.357848
0.750035	42.748546
0.761436	43.478856
0.772237	44.187546
0.783636	44.183379
0.795038	44.942606
0.806437	45.299334
0.817638	45.560289
0.829056	45.615235
0.840440	46.034684
0.851641	46.895059
0.862840	47.300698
0.874438	47.485531
0.886044	47.697572
0.897242	48.019725
0.908839	48.884884
0.921044	49.427620
0.932439	49.503344
0.944242	49.911931
0.955641	50.267315
0.966242	50.536218
0.977446	50.703005
0.988643	51.312210
0.999848	51.386085
1.000000	51.528314
1.000000	52.420576
0.982001	52.212846
0.964662	52.293699
0.947330	51.920781
0.929665	51.553446
0.912323	51.339678
0.894992	51.220932
0.877663	51.002937
0.858652	50.543953
0.841980	50.307257
0.824662	50.041074
0.807318	49.722166
0.789993	49.516072
0.772663	48.946642
0.755324	48.757281
0.737977	48.604661
0.720994	48.175284
0.702992	47.530442
0.685328	47.315171
0.667647	47.292598
0.650321	46.909734
0.632984	46.274904
0.615318	46.253859
0.597654	45.877166
0.580320	45.381273
0.562984	45.085181
0.545652	44.755094
0.528318	44.667229
0.510986	44.237660
0.493324	43.656930
0.475647	42.966977
0.458317	43.156919
0.441652	42.690699
0.424312	42.182100
0.406970	42.057769
0.389653	41.733562
0.372314	41.436706
0.355972	40.877040
0.338646	40.507037
0.321864	40.301548
0.304639	40.004497
0.287970	39.699971
0.270640	39.043004
0.253306	38.499293
0.235975	37.990052
0.218641	37.478567
0.201300	36.761781
0.184307	36.419524
0.167637	35.853341
0.150304	35.080138
0.132969	34.668883
0.115630	34.195682
0.099274	33.983909
0.099273	32.548483
0.081877	32.277781
0.065539	31.750891
0.047877	30.852732
0.030534	29.087693
0.012862	28.332812
0.000000	27.730563
