1949.0187 1957.3830 1942.0056 1965.5502 2004.5562 2017.2506
1177.2833 1195.6871 1189.0527 1129.0271 1110.9893 1110.8671
5813.1151 5808.4217 5813.1714 5791.1534 5647.0433 5658.3297
1448.5603 1458.7335 1464.6662 1513.4369 1485.1218 1487.1692
866.5322 852.2628 852.3499 890.8680 911.7875 911.9991
1495.9954 1503.4466 1494.7060 1517.7352 1510.8476 1499.3327
2794.7555 2766.0874 2758.7262 2681.4396 2564.7965 2547.1212
1983.5649 1973.6163 1988.6639 2064.4073 2087.3015 2083.1050
2191.3701 2172.8862 2191.1173 2323.4009 2323.4172 2320.9126
2413.9189 2379.0829 2394.0664 2551.6628 2634.7526 2631.0456
